#,Time,%Passes,Change,Test,Pass,Partial,Fail,Untested
0,Mon Feb 19 18:21:42 EST 2018,23,23,Assignment2Suite,EfficiencyTest1+ EmptyTest0+ FindMinMaxTest0+ HeightTest+ SizeTest0+ SizeTest1+ , ,ContainsTest0- ContainsTest1- EmptyTest1- FindMinMaxTest1- FindMinMaxTest2- InsertAfterRemoveTest0- InsertAfterRemoveTest1- InsertAfterRemoveTest2- InsertTest0- InsertTest1- InsertTest2- RemoveTest0- RemoveTest1- RemoveTest2- RemoveTest3- RemoveTest4- RemoveTest5- RemoveTest6- RemoveTest7- SizeTest2- , ,
1,Mon Feb 19 18:35:09 EST 2018,34,11,Assignment2Suite,EfficiencyTest1 EmptyTest0 FindMinMaxTest0 HeightTest InsertAfterRemoveTest0+ RemoveTest0+ RemoveTest7+ SizeTest0 SizeTest1 , ,ContainsTest0 ContainsTest1 EmptyTest1 FindMinMaxTest1 FindMinMaxTest2 InsertAfterRemoveTest1 InsertAfterRemoveTest2 InsertTest0 InsertTest1 InsertTest2 RemoveTest1 RemoveTest2 RemoveTest3 RemoveTest4 RemoveTest5 RemoveTest6 SizeTest2 , ,
2,Mon Feb 19 18:35:17 EST 2018,34,0,InsertTestSuite,EfficiencyTest1 EmptyTest0 FindMinMaxTest0 HeightTest InsertAfterRemoveTest0 RemoveTest0 RemoveTest7 SizeTest0 SizeTest1 , ,ContainsTest0 ContainsTest1 EmptyTest1 FindMinMaxTest1 FindMinMaxTest2 InsertAfterRemoveTest1 InsertAfterRemoveTest2 InsertTest0 InsertTest1 InsertTest2 RemoveTest1 RemoveTest2 RemoveTest3 RemoveTest4 RemoveTest5 RemoveTest6 SizeTest2 , ,
3,Mon Feb 19 18:36:53 EST 2018,34,0,Assignment2Suite,EfficiencyTest1 EmptyTest0 FindMinMaxTest0 HeightTest InsertAfterRemoveTest0 RemoveTest0 RemoveTest7 SizeTest0 SizeTest1 , ,ContainsTest0 ContainsTest1 EmptyTest1 FindMinMaxTest1 FindMinMaxTest2 InsertAfterRemoveTest1 InsertAfterRemoveTest2 InsertTest0 InsertTest1 InsertTest2 RemoveTest1 RemoveTest2 RemoveTest3 RemoveTest4 RemoveTest5 RemoveTest6 SizeTest2 , ,
4,Mon Feb 19 18:39:59 EST 2018,34,0,Assignment2Suite,EfficiencyTest1 EmptyTest0 FindMinMaxTest0 HeightTest InsertAfterRemoveTest0 RemoveTest0 RemoveTest7 SizeTest0 SizeTest1 , ,ContainsTest0 ContainsTest1 EmptyTest1 FindMinMaxTest1 FindMinMaxTest2 InsertAfterRemoveTest1 InsertAfterRemoveTest2 InsertTest0 InsertTest1 InsertTest2 RemoveTest1 RemoveTest2 RemoveTest3 RemoveTest4 RemoveTest5 RemoveTest6 SizeTest2 , ,
5,Mon Feb 19 18:40:54 EST 2018,34,0,SizeTestSuite,EfficiencyTest1 EmptyTest0 FindMinMaxTest0 HeightTest InsertAfterRemoveTest0 RemoveTest0 RemoveTest7 SizeTest0 SizeTest1 , ,ContainsTest0 ContainsTest1 EmptyTest1 FindMinMaxTest1 FindMinMaxTest2 InsertAfterRemoveTest1 InsertAfterRemoveTest2 InsertTest0 InsertTest1 InsertTest2 RemoveTest1 RemoveTest2 RemoveTest3 RemoveTest4 RemoveTest5 RemoveTest6 SizeTest2 , ,
6,Mon Feb 19 18:41:40 EST 2018,42,8,Assignment2Suite,EfficiencyTest1 EmptyTest0 EmptyTest1+ FindMinMaxTest0 HeightTest InsertAfterRemoveTest0 RemoveTest0 RemoveTest7 SizeTest0 SizeTest1 SizeTest2+ , ,ContainsTest0 ContainsTest1 FindMinMaxTest1 FindMinMaxTest2 InsertAfterRemoveTest1 InsertAfterRemoveTest2 InsertTest0 InsertTest1 InsertTest2 RemoveTest1 RemoveTest2 RemoveTest3 RemoveTest4 RemoveTest5 RemoveTest6 , ,
7,Mon Feb 19 18:42:46 EST 2018,42,0,Assignment2Suite,EfficiencyTest1 EmptyTest0 EmptyTest1 FindMinMaxTest0 HeightTest InsertAfterRemoveTest0 RemoveTest0 RemoveTest7 SizeTest0 SizeTest1 SizeTest2 , ,ContainsTest0 ContainsTest1 FindMinMaxTest1 FindMinMaxTest2 InsertAfterRemoveTest1 InsertAfterRemoveTest2 InsertTest0 InsertTest1 InsertTest2 RemoveTest1 RemoveTest2 RemoveTest3 RemoveTest4 RemoveTest5 RemoveTest6 , ,
8,Mon Feb 19 18:51:51 EST 2018,42,0,Assignment2Suite,EfficiencyTest1 EmptyTest0 EmptyTest1 FindMinMaxTest0 HeightTest InsertAfterRemoveTest0 RemoveTest0 RemoveTest7 SizeTest0 SizeTest1 SizeTest2 , ,ContainsTest0 ContainsTest1 FindMinMaxTest1 FindMinMaxTest2 InsertAfterRemoveTest1 InsertAfterRemoveTest2 InsertTest0 InsertTest1 InsertTest2 RemoveTest1 RemoveTest2 RemoveTest3 RemoveTest4 RemoveTest5 RemoveTest6 , ,
9,Mon Feb 19 18:52:29 EST 2018,42,0,Assignment2Suite,EfficiencyTest1 EmptyTest0 EmptyTest1 FindMinMaxTest0 HeightTest InsertAfterRemoveTest0 RemoveTest0 RemoveTest7 SizeTest0 SizeTest1 SizeTest2 , ,ContainsTest0 ContainsTest1 FindMinMaxTest1 FindMinMaxTest2 InsertAfterRemoveTest1 InsertAfterRemoveTest2 InsertTest0 InsertTest1 InsertTest2 RemoveTest1 RemoveTest2 RemoveTest3 RemoveTest4 RemoveTest5 RemoveTest6 , ,
10,Mon Feb 19 18:53:43 EST 2018,50,8,Assignment2Suite,ContainsTest0+ ContainsTest1+ EfficiencyTest1 EmptyTest0 EmptyTest1 FindMinMaxTest0 HeightTest InsertAfterRemoveTest0 RemoveTest0 RemoveTest7 SizeTest0 SizeTest1 SizeTest2 , ,FindMinMaxTest1 FindMinMaxTest2 InsertAfterRemoveTest1 InsertAfterRemoveTest2 InsertTest0 InsertTest1 InsertTest2 RemoveTest1 RemoveTest2 RemoveTest3 RemoveTest4 RemoveTest5 RemoveTest6 , ,
11,Mon Feb 19 22:46:27 EST 2018,50,0,Assignment2Suite,ContainsTest0 ContainsTest1 EfficiencyTest1 EmptyTest0 EmptyTest1 FindMinMaxTest0 HeightTest InsertAfterRemoveTest0 RemoveTest0 RemoveTest7 SizeTest0 SizeTest1 SizeTest2 , ,FindMinMaxTest1 FindMinMaxTest2 InsertAfterRemoveTest1 InsertAfterRemoveTest2 InsertTest0 InsertTest1 InsertTest2 RemoveTest1 RemoveTest2 RemoveTest3 RemoveTest4 RemoveTest5 RemoveTest6 , ,
12,Mon Feb 19 22:49:11 EST 2018,50,0,Assignment2Suite,ContainsTest0 ContainsTest1 EfficiencyTest1 EmptyTest0 EmptyTest1 FindMinMaxTest0 HeightTest InsertAfterRemoveTest0 RemoveTest0 RemoveTest7 SizeTest0 SizeTest1 SizeTest2 , ,FindMinMaxTest1 FindMinMaxTest2 InsertAfterRemoveTest1 InsertAfterRemoveTest2 InsertTest0 InsertTest1 InsertTest2 RemoveTest1 RemoveTest2 RemoveTest3 RemoveTest4 RemoveTest5 RemoveTest6 , ,
13,Mon Feb 19 23:00:48 EST 2018,50,0,Assignment2Suite,ContainsTest0 ContainsTest1 EfficiencyTest1 EmptyTest0 EmptyTest1 FindMinMaxTest0 HeightTest InsertAfterRemoveTest0 RemoveTest0 RemoveTest7 SizeTest0 SizeTest1 SizeTest2 , ,FindMinMaxTest1 FindMinMaxTest2 InsertAfterRemoveTest1 InsertAfterRemoveTest2 InsertTest0 InsertTest1 InsertTest2 RemoveTest1 RemoveTest2 RemoveTest3 RemoveTest4 RemoveTest5 RemoveTest6 , ,
14,Mon Feb 19 23:02:43 EST 2018,38,-12,Assignment2Suite,ContainsTest0 ContainsTest1 EfficiencyTest1 EmptyTest0 FindMinMaxTest0 HeightTest InsertAfterRemoveTest0 RemoveTest0 RemoveTest7 SizeTest0 , ,EmptyTest1- FindMinMaxTest1 FindMinMaxTest2 InsertAfterRemoveTest1 InsertAfterRemoveTest2 InsertTest0 InsertTest1 InsertTest2 RemoveTest1 RemoveTest2 RemoveTest3 RemoveTest4 RemoveTest5 RemoveTest6 SizeTest1- SizeTest2- , ,
15,Mon Feb 19 23:07:18 EST 2018,38,0,Assignment2Suite,ContainsTest0 ContainsTest1 EmptyTest0 FindMinMaxTest0 InsertAfterRemoveTest0 RemoveTest0 RemoveTest7 SizeTest0 SizeTest1+ SizeTest2+ , ,EfficiencyTest1- EmptyTest1 FindMinMaxTest1 FindMinMaxTest2 HeightTest- InsertAfterRemoveTest1 InsertAfterRemoveTest2 InsertTest0 InsertTest1 InsertTest2 RemoveTest1 RemoveTest2 RemoveTest3 RemoveTest4 RemoveTest5 RemoveTest6 , ,
16,Mon Feb 19 23:09:38 EST 2018,38,0,Assignment2Suite,EfficiencyTest1+ EmptyTest0 FindMinMaxTest0 FindMinMaxTest1+ InsertAfterRemoveTest0 InsertAfterRemoveTest1+ InsertTest1+ SizeTest0 SizeTest1 SizeTest2 , ,ContainsTest0- ContainsTest1- EmptyTest1 FindMinMaxTest2 HeightTest InsertAfterRemoveTest2 InsertTest0 InsertTest2 RemoveTest0- RemoveTest1 RemoveTest2 RemoveTest3 RemoveTest4 RemoveTest5 RemoveTest6 RemoveTest7- , ,
17,Mon Feb 19 23:10:16 EST 2018,50,12,Assignment2Suite,EfficiencyTest1 EmptyTest0 FindMinMaxTest0 FindMinMaxTest1 InsertAfterRemoveTest0 InsertAfterRemoveTest1 InsertAfterRemoveTest2+ InsertTest0+ InsertTest1 InsertTest2+ SizeTest0 SizeTest1 SizeTest2 , ,ContainsTest0 ContainsTest1 EmptyTest1 FindMinMaxTest2 HeightTest RemoveTest0 RemoveTest1 RemoveTest2 RemoveTest3 RemoveTest4 RemoveTest5 RemoveTest6 RemoveTest7 , ,
18,Mon Feb 19 23:10:41 EST 2018,50,0,Assignment2Suite,EfficiencyTest1 EmptyTest0 FindMinMaxTest0 FindMinMaxTest1 InsertAfterRemoveTest0 InsertAfterRemoveTest1 InsertAfterRemoveTest2 InsertTest0 InsertTest1 InsertTest2 SizeTest0 SizeTest1 SizeTest2 , ,ContainsTest0 ContainsTest1 EmptyTest1 FindMinMaxTest2 HeightTest RemoveTest0 RemoveTest1 RemoveTest2 RemoveTest3 RemoveTest4 RemoveTest5 RemoveTest6 RemoveTest7 , ,
19,Mon Feb 19 23:12:27 EST 2018,50,0,Assignment2Suite,EfficiencyTest1 EmptyTest0 FindMinMaxTest0 FindMinMaxTest1 InsertAfterRemoveTest0 InsertAfterRemoveTest1 InsertAfterRemoveTest2 InsertTest0 InsertTest1 InsertTest2 SizeTest0 SizeTest1 SizeTest2 , ,ContainsTest0 ContainsTest1 EmptyTest1 FindMinMaxTest2 HeightTest RemoveTest0 RemoveTest1 RemoveTest2 RemoveTest3 RemoveTest4 RemoveTest5 RemoveTest6 RemoveTest7 , ,
20,Mon Feb 19 23:13:08 EST 2018,53,3,Assignment2Suite,ContainsTest0+ EfficiencyTest1 EmptyTest0 FindMinMaxTest0 FindMinMaxTest1 InsertAfterRemoveTest0 InsertAfterRemoveTest1 InsertAfterRemoveTest2 InsertTest0 InsertTest1 InsertTest2 SizeTest0 SizeTest1 SizeTest2 , ,ContainsTest1 EmptyTest1 FindMinMaxTest2 HeightTest RemoveTest0 RemoveTest1 RemoveTest2 RemoveTest3 RemoveTest4 RemoveTest5 RemoveTest6 RemoveTest7 , ,
21,Mon Feb 19 23:14:25 EST 2018,53,0,Assignment2Suite,ContainsTest0 EfficiencyTest1 EmptyTest0 FindMinMaxTest0 FindMinMaxTest1 InsertAfterRemoveTest0 InsertAfterRemoveTest1 InsertAfterRemoveTest2 InsertTest0 InsertTest1 InsertTest2 SizeTest0 SizeTest1 SizeTest2 , ,ContainsTest1 EmptyTest1 FindMinMaxTest2 HeightTest RemoveTest0 RemoveTest1 RemoveTest2 RemoveTest3 RemoveTest4 RemoveTest5 RemoveTest6 RemoveTest7 , ,
22,Mon Feb 19 23:15:42 EST 2018,53,0,Assignment2Suite,ContainsTest0 EfficiencyTest1 EmptyTest0 FindMinMaxTest0 FindMinMaxTest1 InsertAfterRemoveTest0 InsertAfterRemoveTest1 InsertAfterRemoveTest2 InsertTest0 InsertTest1 InsertTest2 SizeTest0 SizeTest1 SizeTest2 , ,ContainsTest1 EmptyTest1 FindMinMaxTest2 HeightTest RemoveTest0 RemoveTest1 RemoveTest2 RemoveTest3 RemoveTest4 RemoveTest5 RemoveTest6 RemoveTest7 , ,
23,Mon Feb 19 23:17:21 EST 2018,53,0,Assignment2Suite,ContainsTest0 EfficiencyTest1 EmptyTest0 FindMinMaxTest0 FindMinMaxTest1 InsertAfterRemoveTest0 InsertAfterRemoveTest1 InsertAfterRemoveTest2 InsertTest0 InsertTest1 InsertTest2 SizeTest0 SizeTest1 SizeTest2 , ,ContainsTest1 EmptyTest1 FindMinMaxTest2 HeightTest RemoveTest0 RemoveTest1 RemoveTest2 RemoveTest3 RemoveTest4 RemoveTest5 RemoveTest6 RemoveTest7 , ,
24,Mon Feb 19 23:26:37 EST 2018,53,0,Assignment2Suite,ContainsTest0 EfficiencyTest1 EmptyTest0 FindMinMaxTest0 FindMinMaxTest1 InsertAfterRemoveTest0 InsertAfterRemoveTest1 InsertAfterRemoveTest2 InsertTest0 InsertTest1 InsertTest2 SizeTest0 SizeTest1 SizeTest2 , ,ContainsTest1 EmptyTest1 FindMinMaxTest2 HeightTest RemoveTest0 RemoveTest1 RemoveTest2 RemoveTest3 RemoveTest4 RemoveTest5 RemoveTest6 RemoveTest7 , ,
25,Mon Feb 19 23:27:39 EST 2018,57,4,Assignment2Suite,ContainsTest0 EfficiencyTest1 EmptyTest0 FindMinMaxTest0 FindMinMaxTest1 HeightTest+ InsertAfterRemoveTest0 InsertAfterRemoveTest1 InsertAfterRemoveTest2 InsertTest0 InsertTest1 InsertTest2 SizeTest0 SizeTest1 SizeTest2 , ,ContainsTest1 EmptyTest1 FindMinMaxTest2 RemoveTest0 RemoveTest1 RemoveTest2 RemoveTest3 RemoveTest4 RemoveTest5 RemoveTest6 RemoveTest7 , ,
26,Mon Feb 19 23:28:32 EST 2018,57,0,Assignment2Suite,ContainsTest0 EfficiencyTest1 EmptyTest0 FindMinMaxTest0 FindMinMaxTest1 HeightTest InsertAfterRemoveTest0 InsertAfterRemoveTest1 InsertAfterRemoveTest2 InsertTest0 InsertTest1 InsertTest2 SizeTest0 SizeTest1 SizeTest2 , ,ContainsTest1 EmptyTest1 FindMinMaxTest2 RemoveTest0 RemoveTest1 RemoveTest2 RemoveTest3 RemoveTest4 RemoveTest5 RemoveTest6 RemoveTest7 , ,
27,Mon Feb 19 23:28:50 EST 2018,57,0,Assignment2Suite,ContainsTest0 EfficiencyTest1 EmptyTest0 FindMinMaxTest0 FindMinMaxTest1 HeightTest InsertAfterRemoveTest0 InsertAfterRemoveTest1 InsertAfterRemoveTest2 InsertTest0 InsertTest1 InsertTest2 SizeTest0 SizeTest1 SizeTest2 , ,ContainsTest1 EmptyTest1 FindMinMaxTest2 RemoveTest0 RemoveTest1 RemoveTest2 RemoveTest3 RemoveTest4 RemoveTest5 RemoveTest6 RemoveTest7 , ,
28,Mon Feb 19 23:29:23 EST 2018,96,39,Assignment2Suite,ContainsTest0 ContainsTest1+ EfficiencyTest1 EmptyTest0 FindMinMaxTest0 FindMinMaxTest1 FindMinMaxTest2+ HeightTest InsertAfterRemoveTest0 InsertAfterRemoveTest1 InsertAfterRemoveTest2 InsertTest0 InsertTest1 InsertTest2 RemoveTest0+ RemoveTest1+ RemoveTest2+ RemoveTest3+ RemoveTest4+ RemoveTest5+ RemoveTest6+ RemoveTest7+ SizeTest0 SizeTest1 SizeTest2 , ,EmptyTest1 , ,
29,Mon Feb 19 23:32:08 EST 2018,96,0,Assignment2Suite,ContainsTest0 ContainsTest1 EfficiencyTest1 EmptyTest0 FindMinMaxTest0 FindMinMaxTest1 FindMinMaxTest2 HeightTest InsertAfterRemoveTest0 InsertAfterRemoveTest1 InsertAfterRemoveTest2 InsertTest0 InsertTest1 InsertTest2 RemoveTest0 RemoveTest1 RemoveTest2 RemoveTest3 RemoveTest4 RemoveTest5 RemoveTest6 RemoveTest7 SizeTest0 SizeTest1 SizeTest2 , ,EmptyTest1 , ,
30,Mon Feb 19 23:33:23 EST 2018,96,0,Assignment2Suite,ContainsTest0 ContainsTest1 EfficiencyTest1 EmptyTest0 FindMinMaxTest0 FindMinMaxTest1 FindMinMaxTest2 HeightTest InsertAfterRemoveTest0 InsertAfterRemoveTest1 InsertAfterRemoveTest2 InsertTest0 InsertTest1 InsertTest2 RemoveTest0 RemoveTest1 RemoveTest2 RemoveTest3 RemoveTest4 RemoveTest5 RemoveTest6 RemoveTest7 SizeTest0 SizeTest1 SizeTest2 , ,EmptyTest1 , ,
31,Mon Feb 19 23:34:56 EST 2018,96,0,Assignment2Suite,ContainsTest0 ContainsTest1 EfficiencyTest1 EmptyTest0 FindMinMaxTest0 FindMinMaxTest1 FindMinMaxTest2 HeightTest InsertAfterRemoveTest0 InsertAfterRemoveTest1 InsertAfterRemoveTest2 InsertTest0 InsertTest1 InsertTest2 RemoveTest0 RemoveTest1 RemoveTest2 RemoveTest3 RemoveTest4 RemoveTest5 RemoveTest6 RemoveTest7 SizeTest0 SizeTest1 SizeTest2 , ,EmptyTest1 , ,
32,Mon Feb 19 23:41:10 EST 2018,100,4,Assignment2Suite,ContainsTest0 ContainsTest1 EfficiencyTest1 EmptyTest0 EmptyTest1+ FindMinMaxTest0 FindMinMaxTest1 FindMinMaxTest2 HeightTest InsertAfterRemoveTest0 InsertAfterRemoveTest1 InsertAfterRemoveTest2 InsertTest0 InsertTest1 InsertTest2 RemoveTest0 RemoveTest1 RemoveTest2 RemoveTest3 RemoveTest4 RemoveTest5 RemoveTest6 RemoveTest7 SizeTest0 SizeTest1 SizeTest2 , , , ,
33,Tue Feb 20 00:46:04 EST 2018,100,0,Assignment2Suite,ContainsTest0 ContainsTest1 EfficiencyTest1 EmptyTest0 EmptyTest1 FindMinMaxTest0 FindMinMaxTest1 FindMinMaxTest2 HeightTest InsertAfterRemoveTest0 InsertAfterRemoveTest1 InsertAfterRemoveTest2 InsertTest0 InsertTest1 InsertTest2 RemoveTest0 RemoveTest1 RemoveTest2 RemoveTest3 RemoveTest4 RemoveTest5 RemoveTest6 RemoveTest7 SizeTest0 SizeTest1 SizeTest2 , , , ,
34,Tue Feb 20 11:14:51 EST 2018,100,0,Assignment2Suite,ContainsTest0 ContainsTest1 EfficiencyTest1 EmptyTest0 EmptyTest1 FindMinMaxTest0 FindMinMaxTest1 FindMinMaxTest2 HeightTest InsertAfterRemoveTest0 InsertAfterRemoveTest1 InsertAfterRemoveTest2 InsertTest0 InsertTest1 InsertTest2 RemoveTest0 RemoveTest1 RemoveTest2 RemoveTest3 RemoveTest4 RemoveTest5 RemoveTest6 RemoveTest7 SizeTest0 SizeTest1 SizeTest2 , , , ,
35,Tue Feb 20 11:42:57 EST 2018,100,0,Assignment2Suite,ContainsTest0 ContainsTest1 EfficiencyTest1 EmptyTest0 EmptyTest1 FindMinMaxTest0 FindMinMaxTest1 FindMinMaxTest2 HeightTest InsertAfterRemoveTest0 InsertAfterRemoveTest1 InsertAfterRemoveTest2 InsertTest0 InsertTest1 InsertTest2 RemoveTest0 RemoveTest1 RemoveTest2 RemoveTest3 RemoveTest4 RemoveTest5 RemoveTest6 RemoveTest7 SizeTest0 SizeTest1 SizeTest2 , , , ,
36,Tue Feb 20 11:46:56 EST 2018,100,0,Assignment2Suite,ContainsTest0 ContainsTest1 EfficiencyTest1 EmptyTest0 EmptyTest1 FindMinMaxTest0 FindMinMaxTest1 FindMinMaxTest2 HeightTest InsertAfterRemoveTest0 InsertAfterRemoveTest1 InsertAfterRemoveTest2 InsertTest0 InsertTest1 InsertTest2 RemoveTest0 RemoveTest1 RemoveTest2 RemoveTest3 RemoveTest4 RemoveTest5 RemoveTest6 RemoveTest7 SizeTest0 SizeTest1 SizeTest2 , , , ,
37,Tue Feb 20 11:49:31 EST 2018,96,-4,Assignment2Suite,ContainsTest0 ContainsTest1 EfficiencyTest1 EmptyTest0 EmptyTest1 FindMinMaxTest0 FindMinMaxTest1 FindMinMaxTest2 HeightTest InsertAfterRemoveTest1 InsertAfterRemoveTest2 InsertTest0 InsertTest1 InsertTest2 RemoveTest0 RemoveTest1 RemoveTest2 RemoveTest3 RemoveTest4 RemoveTest5 RemoveTest6 RemoveTest7 SizeTest0 SizeTest1 SizeTest2 , ,InsertAfterRemoveTest0- , ,
38,Tue Feb 20 11:51:38 EST 2018,100,4,Assignment2Suite,ContainsTest0 ContainsTest1 EfficiencyTest1 EmptyTest0 EmptyTest1 FindMinMaxTest0 FindMinMaxTest1 FindMinMaxTest2 HeightTest InsertAfterRemoveTest0+ InsertAfterRemoveTest1 InsertAfterRemoveTest2 InsertTest0 InsertTest1 InsertTest2 RemoveTest0 RemoveTest1 RemoveTest2 RemoveTest3 RemoveTest4 RemoveTest5 RemoveTest6 RemoveTest7 SizeTest0 SizeTest1 SizeTest2 , , , ,
39,Tue Feb 20 18:28:39 EST 2018,46,-54,Assignment2Suite,ContainsTest0 EfficiencyTest1 EmptyTest0 FindMinMaxTest0 FindMinMaxTest1 HeightTest InsertTest0 InsertTest1 InsertTest2 SizeTest0 SizeTest1 SizeTest2 , ,ContainsTest1- EmptyTest1- FindMinMaxTest2- InsertAfterRemoveTest0- InsertAfterRemoveTest1- InsertAfterRemoveTest2- RemoveTest0- RemoveTest1- RemoveTest2- RemoveTest3- RemoveTest4- RemoveTest5- RemoveTest6- RemoveTest7- , ,
40,Tue Feb 20 18:31:37 EST 2018,46,0,Assignment2Suite,ContainsTest0 EfficiencyTest1 EmptyTest0 FindMinMaxTest0 FindMinMaxTest1 HeightTest InsertTest0 InsertTest1 InsertTest2 SizeTest0 SizeTest1 SizeTest2 , ,ContainsTest1 EmptyTest1 FindMinMaxTest2 InsertAfterRemoveTest0 InsertAfterRemoveTest1 InsertAfterRemoveTest2 RemoveTest0 RemoveTest1 RemoveTest2 RemoveTest3 RemoveTest4 RemoveTest5 RemoveTest6 RemoveTest7 , ,
41,Tue Feb 20 18:35:08 EST 2018,46,0,Assignment2Suite,ContainsTest0 EfficiencyTest1 EmptyTest0 FindMinMaxTest0 FindMinMaxTest1 HeightTest InsertTest0 InsertTest1 InsertTest2 SizeTest0 SizeTest1 SizeTest2 , ,ContainsTest1 EmptyTest1 FindMinMaxTest2 InsertAfterRemoveTest0 InsertAfterRemoveTest1 InsertAfterRemoveTest2 RemoveTest0 RemoveTest1 RemoveTest2 RemoveTest3 RemoveTest4 RemoveTest5 RemoveTest6 RemoveTest7 , ,
42,Tue Feb 20 18:35:45 EST 2018,46,0,Assignment2Suite,ContainsTest0 EfficiencyTest1 EmptyTest0 FindMinMaxTest0 FindMinMaxTest1 HeightTest InsertTest0 InsertTest1 InsertTest2 SizeTest0 SizeTest1 SizeTest2 , ,ContainsTest1 EmptyTest1 FindMinMaxTest2 InsertAfterRemoveTest0 InsertAfterRemoveTest1 InsertAfterRemoveTest2 RemoveTest0 RemoveTest1 RemoveTest2 RemoveTest3 RemoveTest4 RemoveTest5 RemoveTest6 RemoveTest7 , ,
43,Tue Feb 20 18:42:57 EST 2018,42,-4,Assignment2Suite,ContainsTest0 EfficiencyTest1 EmptyTest0 FindMinMaxTest0 FindMinMaxTest1 HeightTest InsertTest0 InsertTest1 InsertTest2 SizeTest0 SizeTest1 , ,ContainsTest1 EmptyTest1 FindMinMaxTest2 InsertAfterRemoveTest0 InsertAfterRemoveTest1 InsertAfterRemoveTest2 RemoveTest0 RemoveTest1 RemoveTest2 RemoveTest3 RemoveTest4 RemoveTest5 RemoveTest6 RemoveTest7 SizeTest2- , ,
44,Tue Feb 20 18:46:37 EST 2018,96,54,Assignment2Suite,ContainsTest0 ContainsTest1+ EfficiencyTest1 EmptyTest0 EmptyTest1+ FindMinMaxTest0 FindMinMaxTest1 FindMinMaxTest2+ HeightTest InsertAfterRemoveTest0+ InsertAfterRemoveTest1+ InsertAfterRemoveTest2+ InsertTest0 InsertTest1 InsertTest2 RemoveTest0+ RemoveTest1+ RemoveTest2+ RemoveTest3+ RemoveTest4+ RemoveTest5+ RemoveTest7+ SizeTest0 SizeTest1 SizeTest2+ , ,RemoveTest6 , ,
45,Tue Feb 20 18:47:24 EST 2018,80,-16,Assignment2Suite,ContainsTest0 EfficiencyTest1 EmptyTest0 FindMinMaxTest0 FindMinMaxTest1 FindMinMaxTest2 HeightTest InsertAfterRemoveTest0 InsertAfterRemoveTest1 InsertAfterRemoveTest2 InsertTest0 InsertTest1 InsertTest2 RemoveTest0 RemoveTest1 RemoveTest3 RemoveTest4 RemoveTest5 SizeTest0 SizeTest1 SizeTest2 , ,ContainsTest1- EmptyTest1- RemoveTest2- RemoveTest6 RemoveTest7- , ,
46,Tue Feb 20 18:47:40 EST 2018,80,0,Assignment2Suite,ContainsTest0 EfficiencyTest1 EmptyTest0 FindMinMaxTest0 FindMinMaxTest1 FindMinMaxTest2 HeightTest InsertAfterRemoveTest0 InsertAfterRemoveTest1 InsertAfterRemoveTest2 InsertTest0 InsertTest1 InsertTest2 RemoveTest0 RemoveTest1 RemoveTest3 RemoveTest4 RemoveTest5 SizeTest0 SizeTest1 SizeTest2 , ,ContainsTest1 EmptyTest1 RemoveTest2 RemoveTest6 RemoveTest7 , ,
47,Tue Feb 20 18:47:56 EST 2018,96,16,Assignment2Suite,ContainsTest0 ContainsTest1+ EfficiencyTest1 EmptyTest0 EmptyTest1+ FindMinMaxTest0 FindMinMaxTest1 FindMinMaxTest2 HeightTest InsertAfterRemoveTest0 InsertAfterRemoveTest1 InsertAfterRemoveTest2 InsertTest0 InsertTest1 InsertTest2 RemoveTest0 RemoveTest1 RemoveTest2+ RemoveTest3 RemoveTest4 RemoveTest5 RemoveTest7+ SizeTest0 SizeTest1 SizeTest2 , ,RemoveTest6 , ,
48,Tue Feb 20 18:48:50 EST 2018,96,0,Assignment2Suite,ContainsTest0 ContainsTest1 EfficiencyTest1 EmptyTest0 EmptyTest1 FindMinMaxTest0 FindMinMaxTest1 FindMinMaxTest2 HeightTest InsertAfterRemoveTest0 InsertAfterRemoveTest1 InsertAfterRemoveTest2 InsertTest0 InsertTest1 InsertTest2 RemoveTest0 RemoveTest1 RemoveTest2 RemoveTest3 RemoveTest4 RemoveTest5 RemoveTest7 SizeTest0 SizeTest1 SizeTest2 , ,RemoveTest6 , ,
49,Tue Feb 20 18:55:02 EST 2018,100,4,Assignment2Suite,ContainsTest0 ContainsTest1 EfficiencyTest1 EmptyTest0 EmptyTest1 FindMinMaxTest0 FindMinMaxTest1 FindMinMaxTest2 HeightTest InsertAfterRemoveTest0 InsertAfterRemoveTest1 InsertAfterRemoveTest2 InsertTest0 InsertTest1 InsertTest2 RemoveTest0 RemoveTest1 RemoveTest2 RemoveTest3 RemoveTest4 RemoveTest5 RemoveTest6+ RemoveTest7 SizeTest0 SizeTest1 SizeTest2 , , , ,
50,Tue Feb 20 18:58:42 EST 2018,100,0,Assignment2Suite,ContainsTest0 ContainsTest1 EfficiencyTest1 EmptyTest0 EmptyTest1 FindMinMaxTest0 FindMinMaxTest1 FindMinMaxTest2 HeightTest InsertAfterRemoveTest0 InsertAfterRemoveTest1 InsertAfterRemoveTest2 InsertTest0 InsertTest1 InsertTest2 RemoveTest0 RemoveTest1 RemoveTest2 RemoveTest3 RemoveTest4 RemoveTest5 RemoveTest6 RemoveTest7 SizeTest0 SizeTest1 SizeTest2 , , , ,
51,Tue Feb 20 19:32:56 EST 2018,100,0,Assignment2Suite,ContainsTest0 ContainsTest1 EfficiencyTest1 EmptyTest0 EmptyTest1 FindMinMaxTest0 FindMinMaxTest1 FindMinMaxTest2 HeightTest InsertAfterRemoveTest0 InsertAfterRemoveTest1 InsertAfterRemoveTest2 InsertTest0 InsertTest1 InsertTest2 RemoveTest0 RemoveTest1 RemoveTest2 RemoveTest3 RemoveTest4 RemoveTest5 RemoveTest6 RemoveTest7 SizeTest0 SizeTest1 SizeTest2 , , , ,
